ntot <- 109
N <- 5
n <- 
c(19, 24, 20, 23, 23)
sub <- 
c(1, 1, 1, 1, 1, 1, 1, 1, 1, 1, 1, 1, 1, 1, 1, 1, 1, 1, 1, 2, 2, 2, 2, 2, 2, 2, 2, 2, 2, 2, 2, 2,
2, 2, 2, 2, 2, 2, 2, 2, 2, 2, 2, 3, 3, 3, 3, 3, 3, 3, 3, 3, 3, 3, 3, 3, 3, 3, 3, 3, 3, 3, 3, 4, 4, 4, 4,
4, 4, 4, 4, 4, 4, 4, 4, 4, 4, 4, 4, 4, 4, 4, 4, 4, 4, 4, 5, 5, 5, 5, 5, 5, 5, 5, 5, 5, 5, 5, 5, 5, 5, 5,
5, 5, 5, 5, 5, 5, 5)
T <- 
c(0.0034722, 0.013889, 0.020139, 0.030556, 0.040972, 0.073611, 0.091667, 0.12639, 0.16944, 0.25972,
0.33681, 0.4625, 0.54653, 1.0035, 1.1771, 1.3375, 0.5, 1, 1.375, 0.0041319, 0.010604, 0.020931, 0.031396,
0.041896, 0.083333, 0.12778, 0.16806, 0.25, 0.325, 1, 2, 29.999, 100.98, 0.5, 1, 2, 3, 4, 5, 6, 7, 30,
102, 0.0046319, 0.011285, 0.019965, 0.042361, 0.12521, 0.29125, 0.98958, 2.0056, 29.994, 111.01, 0.5, 1,
2, 3, 4, 5, 6, 7, 30, 113, 0.0042917, 0.011278, 0.021271, 0.031535, 0.041757, 0.083535, 0.16653, 0.25033,
0.31076, 1.0014, 2, 30, 99.047, 0.5, 1, 2, 3, 4, 5, 6, 7, 30, 99, 0.0035903, 0.011083, 0.020972, 0.031806,
0.042431, 0.084931, 0.12528, 0.16806, 0.25278, 0.325, 1, 30.033, 100.02, 0.5, 1, 2, 3, 4, 5, 6, 7, 31,
105)
dT <- 
c(0, 0, 0, 0, 0, 0, 0, 0, 0, 0, 0, 0, 0, 0, 0, 0, 0.5, 0.5, 0.375, 0, 0, 0, 0, 0, 0, 0, 0, 0, 0, 0,
0, 0, 0, 0.5, 0.5, 1, 1, 1, 1, 1, 1, 1, 1, 0, 0, 0, 0, 0, 0, 0, 0, 0, 0, 0.5, 0.5, 1, 1, 1, 1, 1, 1, 1, 1,
0, 0, 0, 0, 0, 0, 0, 0, 0, 0, 0, 0, 0, 0.5, 0.5, 1, 1, 1, 1, 1, 1, 1, 1, 0, 0, 0, 0, 0, 0, 0, 0, 0, 0, 0,
0, 0, 0.5, 0.5, 1, 1, 1, 1, 1, 1, 1, 1)
M <- 
c(0.19817, 0.18541, 0.19937, 0.19556, 0.17872, 0.20223, 0.17117, 0.15158, 0.14163, 0.14026, 0.11524,
0.10961, 0.10572, 0.088247, 0.087245, 0.082392, 0.0043342, 0.004949, 0.003167, 0.31986, 0.34189, 0.31846,
0.31042, 0.31593, 0.29478, 0.30696, 0.29261, 0.22843, 0.19209, 0.12845, 0.078718, 0.007302, 0.00094278,
-0.00064931, 0.010806, 0.018065, 0.021865, 0.016885, 0.016137, 0.0096619, 0.011105, 0.0021885, 0.00078255,
0.25805, 0.2643, 0.25936, 0.20048, 0.17522, 0.13709, 0.13643, 0.14357, 0.033459, 0.0028943, 0.0063712,
0.005037, 0.014267, 0.02121, 0.013032, 0.014486, 0.013827, 0.013036, 0.010192, 0.00027465, 0.27427,
0.25194, 0.26067, 0.22589, 0.21034, 0.17888, 0.15854, 0.14976, 0.12666, 0.14026, 0.12352, 0.0089323,
0.0018291, 0.0028283, 0.0030062, 0.0062686, 0.0050154, 0.00351, 0.0027517, 0.0027974, 0.0020352,
0.0001837, 7.6239e-05, 0.37334, 0.30743, 0.34313, 0.36026, 0.32996, 0.29208, 0.30334, 0.28352, 0.25322,
0.22829, 0.1395, 0.0025591, 0.00070983, 0.043593, 0.046661, 0.046569, 0.043213, 0.01781, 0.02179,
0.018885, 0.011, 0.0015871, 0.00030164)
u <- 
c(0.018215, 0.0092641, 0.0085222, 0.0083031, 0.0082845, 0.0085691, 0.0072422, 0.0067779, 0.006454,
0.0059833, 0.0052974, 0.0048267, 0.00523, 0.0039412, 0.0041537, 0.003652, 0.00079117, 0.00098613,
0.00071829, 0.014734, 0.014547, 0.014589, 0.0143, 0.013702, 0.013019, 0.011823, 0.011118, 0.0099401,
0.0090923, 0.0054769, 0.0035291, 0.00045508, 0.00019614, 0.0013881, 0.0027296, 0.0046048, 0.0035514,
0.002289, 0.0024654, 0.0021289, 0.0018802, 0.00036902, 6.4286e-05, 0.011564, 0.011162, 0.010682,
0.0096448, 0.0074838, 0.0062239, 0.0061539, 0.0060504, 0.0014203, 0.00014561, 0.00097454, 0.0012663,
0.0026903, 0.0027667, 0.0029263, 0.0026071, 0.0025225, 0.0023719, 0.0063662, 0.00011191, 0.012449,
0.011239, 0.017196, 0.010233, 0.010029, 0.0084441, 0.0070088, 0.0064089, 0.0062126, 0.0059161, 0.005472,
0.00041194, 0.00019576, 0.00053202, 0.00049412, 0.00078167, 0.00066266, 0.00055854, 0.0005265, 0.00047186,
0.00042336, 5.2842e-05, 1.4206e-05, 0.015199, 0.015036, 0.014825, 0.014599, 0.014383, 0.013575, 0.012879,
0.012208, 0.011056, 0.010225, 0.0059801, 0.00043414, 3.6039e-05, 0.0067914, 0.0075944, 0.009291,
0.0058196, 0.0043332, 0.0033999, 0.0027731, 0.00228, 0.00020615, 4.7365e-05)
nt <- 27
nc <- 16
H <- 
structure(c(1, 1, 1, 1, 1, 1, 1, 1, 1, 2, 3, 3, 3, 4, 5, 6, 7, 8, 8, 9, 10, 10, 11, 12, 13, 14, 13, 2, 3,
5, 6, 7, 12, 13, 8, 10, 1, 13, 1, 4, 1, 1, 1, 1, 1, 9, 1, 1, 11, 1, 15, 14, 16, 1),
.Dim = c(27, 2))
mu_v <- 
c(1.60035680369791, 1.05521754301559, 1.34843671856365, 1.36005304991466, 1.02492986698058)
sigma_v <- 
c(0.0953101798043249, 0.0953101798043249, 0.0953101798043249, 0.0953101798043249,
0.0953101798043249)
mu_theta <- 
c(0.693147180559945, -2.59026716544583, -4.38202663467388, 0.693147180559945,
-3.28341434600577, -2.30258509299405, -3.68887945411394, -0.980829253011726, -0.980829253011726,
-0.772190387900398, -2.15416508787577, -2.15416508787577, -0.772190387900398, -4.60517018598809,
-4.60517018598809, -0.772190387900398, -3.91202300542815, -7.61500138392158, -8.3061222213363,
-7.61500138392158, -9.40757254150589, -10.0995024364621, -9.40757254150589, 2.484906649788,
0.405465108108164, 0.405465108108164, -5.80714098764339)
sigma_theta <- 
structure(c(0.164401953893165, 0, 0, 0, 0, 0, 0, 0, 0, 0, 0, 0, 0, 0, 0, 0, 0, 0, 0, 0, 0, 0, 0, 0, 0, 0,
0, 0, 0.164401953893165, 0, 0, 0, 0, 0, 0, 0, 0, 0, 0, 0, 0, 0, 0, 0, 0, 0, 0, 0, 0, 0, 0, 0, 0, 0, 0, 0,
0.164401953893165, 0, 0, 0, 0, 0, 0, 0, 0, 0, 0, 0, 0, 0, 0, 0, 0, 0, 0, 0, 0, 0, 0, 0, 0, 0, 0, 0,
0.164401953893165, 0, 0, 0, 0, 0, 0, 0, 0, 0, 0, 0, 0, 0, 0, 0, 0, 0, 0, 0, 0, 0, 0, 0, 0, 0, 0, 0,
0.164401953893165, 0, 0, 0, 0, 0, 0, 0, 0, 0, 0, 0, 0, 0, 0, 0, 0, 0, 0, 0, 0, 0, 0, 0, 0, 0, 0, 0,
0.164401953893165, 0, 0, 0, 0, 0, 0, 0, 0, 0, 0, 0, 0, 0, 0, 0, 0, 0, 0, 0, 0, 0, 0, 0, 0, 0, 0, 0,
0.164401953893165, 0, 0, 0, 0, 0, 0, 0, 0, 0, 0, 0, 0, 0, 0, 0, 0, 0, 0, 0, 0, 0, 0, 0, 0, 0, 0, 0,
0.164401953893165, 0, 0, 0, 0, 0, 0, 0, 0, 0, 0, 0, 0, 0, 0, 0, 0, 0, 0, 0, 0, 0, 0, 0, 0, 0, 0, 0,
0.164401953893165, 0, 0, 0, 0, 0, 0, 0, 0, 0, 0, 0, 0, 0, 0, 0, 0, 0, 0, 0, 0, 0, 0, 0, 0, 0, 0, 0,
0.164401953893165, 0, 0, 0, 0, 0, 0, 0, 0, 0, 0, 0, 0, 0, 0, 0, 0, 0, 0, 0, 0, 0, 0, 0, 0, 0, 0, 0,
0.164401953893165, 0, 0, 0, 0, 0, 0, 0, 0, 0, 0, 0, 0, 0, 0, 0, 0, 0, 0, 0, 0, 0, 0, 0, 0, 0, 0, 0,
0.164401953893165, 0, 0, 0, 0, 0, 0, 0, 0, 0, 0, 0, 0, 0, 0, 0, 0, 0, 0, 0, 0, 0, 0, 0, 0, 0, 0, 0,
0.164401953893165, 0, 0, 0, 0, 0, 0, 0, 0, 0, 0, 0, 0, 0, 0, 0, 0, 0, 0, 0, 0, 0, 0, 0, 0, 0, 0, 0,
0.164401953893165, 0, 0, 0, 0, 0, 0, 0, 0, 0, 0, 0, 0, 0, 0, 0, 0, 0, 0, 0, 0, 0, 0, 0, 0, 0, 0, 0,
0.164401953893165, 0, 0, 0, 0, 0, 0, 0, 0, 0, 0, 0, 0, 0, 0, 0, 0, 0, 0, 0, 0, 0, 0, 0, 0, 0, 0, 0,
0.164401953893165, 0, 0, 0, 0, 0, 0, 0, 0, 0, 0, 0, 0, 0, 0, 0, 0, 0, 0, 0, 0, 0, 0, 0, 0, 0, 0, 0,
0.164401953893165, 0, 0, 0, 0, 0, 0, 0, 0, 0, 0, 0, 0, 0, 0, 0, 0, 0, 0, 0, 0, 0, 0, 0, 0, 0, 0, 0,
0.164401953893165, 0, 0, 0, 0, 0, 0, 0, 0, 0, 0, 0, 0, 0, 0, 0, 0, 0, 0, 0, 0, 0, 0, 0, 0, 0, 0, 0,
0.164401953893165, 0, 0, 0, 0, 0, 0, 0, 0, 0, 0, 0, 0, 0, 0, 0, 0, 0, 0, 0, 0, 0, 0, 0, 0, 0, 0, 0,
0.164401953893165, 0, 0, 0, 0, 0, 0, 0, 0, 0, 0, 0, 0, 0, 0, 0, 0, 0, 0, 0, 0, 0, 0, 0, 0, 0, 0, 0,
0.164401953893165, 0, 0, 0, 0, 0, 0, 0, 0, 0, 0, 0, 0, 0, 0, 0, 0, 0, 0, 0, 0, 0, 0, 0, 0, 0, 0, 0,
0.164401953893165, 0, 0, 0, 0, 0, 0, 0, 0, 0, 0, 0, 0, 0, 0, 0, 0, 0, 0, 0, 0, 0, 0, 0, 0, 0, 0, 0,
0.164401953893165, 0, 0, 0, 0, 0, 0, 0, 0, 0, 0, 0, 0, 0, 0, 0, 0, 0, 0, 0, 0, 0, 0, 0, 0, 0, 0, 0,
0.164401953893165, 0, 0, 0, 0, 0, 0, 0, 0, 0, 0, 0, 0, 0, 0, 0, 0, 0, 0, 0, 0, 0, 0, 0, 0, 0, 0, 0,
0.164401953893165, 0, 0, 0, 0, 0, 0, 0, 0, 0, 0, 0, 0, 0, 0, 0, 0, 0, 0, 0, 0, 0, 0, 0, 0, 0, 0, 0,
0.164401953893165, 0, 0, 0, 0, 0, 0, 0, 0, 0, 0, 0, 0, 0, 0, 0, 0, 0, 0, 0, 0, 0, 0, 0, 0, 0, 0, 0,
0.164401953893165),
.Dim = c(27, 27))
mu_tau <- 0.438254930931155
sigma_tau <- 0.0953101798043249
Eta <- 10
df <- 4
