v_p <- 
c(1.26734928974, 0.0330123252653367)
tau_p <- 
c(0.6476267664, 0.0645845084889529)
theta_mu <- 
c(0.651799423928999, -2.536983465, -4.346780973, 0.637409460185301, -3.167070744, -2.21842539, -3.745225928,
-1.311638868285, -1.432406917, -0.32880974438928, -2.1898713966, -2.1710980325, -0.728624727810689, -4.51900651, -4.587757115,
-0.49551841339902, -3.879634996, -7.477920259, -8.31173697, -7.608347173, -9.37224247600001, -10.097115872, -9.41155385300001,
0.952361946299, 0.40422384053819, 0.4010812061632, -5.794764088)
theta_sigma <- 
structure(c(0.0885798920240329, 0.00447959672013314, 0.00302426559001681, 0.00540180877825461, 0.00315585699137164,
0.0115046170951583, 0.000142371898359402, 0.0121979468585516, 0.0102462861563469, 0.0145336200305353, 0.00147778733056363,
0.000837693064244513, 0.00016992937763211, -0.00301837188561414, -0.00199769010128817, -0.0125311688806874,
-0.00288164988633786, 0.00448060742935138, 0.000787883072118134, -0.00173280861616072, -0.000772936055310329,
0.00189416750457475, -0.000738559140274466, -0.00670577614442589, 0.0017072414277116, -0.00157274159295223,
-0.000402842244941726, 0.00447959672013314, 0.143602087642124, -0.00800998532045141, -0.00365720418452578,
-0.0158085468659879, 0.00468962710421362, 0.000847920476089482, -0.00327601663471954, 0.00899433078075656,
-0.000913484004657736, -0.00207916457161719, 0.00609734700569637, -0.000374993889149762, 0.00360753556019284,
-0.000820039484723469, -0.00268966669590926, 0.00673437247766886, -0.0168087367318574, -0.00277991402735104,
0.00100944728192555, -0.00577011851245933, -0.000655834914546476, 0.00419522250135933, -0.00374806173879462,
-0.000663749291924602, -0.00074601917031292, -0.000238905925214922, 0.00302426559001681, -0.00800998532045141,
0.169889004367284, 0.000867529304825186, -0.00687001744376394, -0.000487209847524468, -0.00116709283872794,
0.0003498564436792, 0.00474404383903477, -0.000808016003848951, 0.00432253955542908, 0.00121816285235438,
-0.00486572560580185, -0.000908354977634222, 0.00432392211098711, 0.000689560581228946, 0.00294974380287889,
-0.00218317734315203, -0.0014687711340918, -5.83127817093325e-05, -0.00226868083774916, -0.000595770023403463,
0.000650984414501039, -0.000169682208343637, 0.00175354800007841, -0.00350892772280541, -0.00463642432632766,
0.00540180877825461, -0.00365720418452578, 0.000867529304825186, 0.064817127852241, -0.0015577191584821, -0.00135143269994226,
-0.000970482861975559, -0.00274028283059804, -0.00218856780169508, 0.00686087090207567, 0.00127648755901127,
-0.000175154944007294, 0.00156433728888216, -0.000458918981258934, -3.43255222431413e-06, 0.00662129023897531,
0.000505224451020181, 0.00061677867989792, -0.00131820833990584, 0.000249053356941849, 0.00257407631796234,
-4.65759385499807e-05, 0.00165629405945214, 0.00430310236332105, 0.000505011541919246, -0.000252270153027122,
0.00144501860402942, 0.00315585699137164, -0.0158085468659879, -0.00687001744376394, -0.0015577191584821, 0.152020041704605,
0.00539271060310984, 0.00252427955122956, -0.0021565563326574, 0.00877789962923678, -0.00104724050584321, 0.00726599516223792,
0.00425583168814483, -0.0106880708560355, -0.00600003179045343, -0.00332333124172355, 0.00179523950467992,
0.00795729442669295, -0.0157531238888626, 0.00117723686412431, -6.87145007671197e-06, -0.000165702358362152,
0.00254825742855123, -0.00102356595800662, -0.00424069760431076, -0.000180082724501184, -0.0023127995980087,
0.000176449002688529, 0.0115046170951583, 0.00468962710421362, -0.000487209847524468, -0.00135143269994226,
0.00539271060310984, 0.0724486324758676, 0.00133037182664808, 0.012214376586016, 0.0072279301140374, -0.00194608903150606,
-0.000843399282660672, -0.00054012978688218, -0.000191392385907565, -0.0022567429011389, -0.00506851731664987,
-0.014348493863219, -0.00329833888252844, 0.00592140687522398, 0.0013255451607417, -0.00115805318457247, -0.00101316468225564,
-0.000598112124280079, -0.00110053204964767, -0.0120758059357028, 0.0015179979588276, 0.000497029237292652,
-0.00315530690948432, 0.000142371898359402, 0.000847920476089482, -0.00116709283872794, -0.000970482861975559,
0.00252427955122956, 0.00133037182664808, 0.1527622098912, -0.00331782019933654, -0.00431506354704296, -0.00170248605454903,
-0.00189332315267304, -2.4249586386659e-05, 0.00074898156765396, 0.00470195358490871, 0.00628659275198227,
-0.00186666922933108, -0.00217731744725628, 0.00150512993341464, 0.000651535671261832, -0.00198536955384154,
0.000952602902452266, -0.000118120811329219, 0.0013571563113194, -0.00222173770115375, 0.000797016234856569,
-0.00138413873171034, 0.000516889446946338, 0.0121979468585516, -0.00327601663471954, 0.0003498564436792,
-0.00274028283059804, -0.0021565563326574, 0.012214376586016, -0.00331782019933654, 0.117584997965209, -0.012633992849546,
-0.00773032558953372, -0.00223702377718431, 0.00378488556878045, 0.00086169170969135, 0.00086138257484816,
-0.00097552255809381, -0.0123311022585436, 0.000157068674913344, 0.0140297004057901, 0.00141684249228166,
-0.00140696608140266, -0.000863622255863725, -0.00102520420644872, 0.00258806010380351, -0.00841314018274012,
0.000984403291793701, -0.00233221396648471, 0.00120564463550646, 0.0102462861563469, 0.00899433078075656, 0.00474404383903477,
-0.00218856780169508, 0.00877789962923678, 0.0072279301140374, -0.00431506354704296, -0.012633992849546, 0.11032737216287,
-0.0075441134191243, -0.00415334642328689, -0.00286779723679632, 0.0040270787367975, 0.00237921401953232,
-0.00267290894369245, -0.00817576099858571, -0.000239968020930336, 0.00836560749409342, 0.000913651154313514,
0.00168825505069936, 0.00438131514519749, 0.00200765955276038, 0.00153500045737579, -0.00359265289095548,
0.000817194849203673, 0.000383663401669646, 0.000684981034695296, 0.0145336200305353, -0.000913484004657736,
-0.000808016003848951, 0.00686087090207567, -0.00104724050584321, -0.00194608903150606, -0.00170248605454903,
-0.00773032558953372, -0.0075441134191243, 0.0885508663516881, -0.000596876516543175, -0.00232307974799898,
-0.000419349157754149, 0.00144667239772156, -0.000460691915302855, 0.00563869111447662, 0.00327881301537912,
-0.00142859672459311, -0.000832616039248815, 0.00116570080634273, -0.00199380646260518, -0.000944753186168712,
-0.00129454927455443, 0.00552602870254118, 0.000502028658737938, -0.00033099514878903, -0.000664203234439635,
0.00147778733056363, -0.00207916457161719, 0.00432253955542908, 0.00127648755901127, 0.00726599516223792,
-0.000843399282660672, -0.00189332315267304, -0.00223702377718431, -0.00415334642328689, -0.000596876516543175,
0.165292579275605, -0.000454004732230188, 0.00121290809101112, -0.000970310110878865, 0.00198996759516319,
-0.000847533447871006, -0.00296966290766942, 0.00637371486482231, 0.0031013165973037, -0.00234007290498682,
0.00129201200623302, 0.00321416740412317, 0.00322370510278791, 0.000636484554116205, -0.00187546045572995,
0.00291510598610538, -0.00456654429678228, 0.000837693064244513, 0.00609734700569637, 0.00121816285235438,
-0.000175154944007294, 0.00425583168814483, -0.00054012978688218, -2.4249586386659e-05, 0.00378488556878045,
-0.00286779723679632, -0.00232307974799898, -0.000454004732230188, 0.161476033460863, 0.00146862710643935,
-0.00366607473590757, 0.000351718364859764, 0.00123119772701347, -0.000781024762948367, 0.000456221834687575,
0.00329816750966848, -0.00165852456321512, -0.000935805386702464, -0.00186021583298084, -0.00129690794738521,
0.000245842628512408, 0.000469443991675883, -0.000158059118565815, -0.000237348667083859, 0.00016992937763211,
-0.000374993889149762, -0.00486572560580185, 0.00156433728888216, -0.0106880708560355, -0.000191392385907565,
0.00074898156765396, 0.00086169170969135, 0.0040270787367975, -0.000419349157754149, 0.00121290809101112, 0.00146862710643935,
0.158453081443651, 0.00138512812650154, -0.00059100562678381, 0.000545078426911418, 0.00347131356431913, -0.0080343655876668,
-0.000158669526820811, 0.00165900884864873, -0.00155233621384295, -0.00324442710381144, -0.00414270323608131,
-0.00138482311442209, -0.00118707041681257, -0.00130201831039345, 0.000402709712241865, -0.00301837188561414,
0.00360753556019284, -0.000908354977634222, -0.000458918981258934, -0.00600003179045343, -0.0022567429011389,
0.00470195358490871, 0.00086138257484816, 0.00237921401953232, 0.00144667239772156, -0.000970310110878865,
-0.00366607473590757, 0.00138512812650154, 0.1583107413049, -0.00209563769065866, 0.00643629030148858, -0.00309668764024397,
-0.00705677598647608, -0.0010605083945547, -0.00279467453699622, 0.000910045566741249, -0.00117623624518672,
-0.00170141430041304, 0.00218898693679822, 6.70722509180292e-05, 0.0058058349650047, 0.00257134975798714,
-0.00199769010128817, -0.000820039484723469, 0.00432392211098711, -3.43255222431413e-06, -0.00332333124172355,
-0.00506851731664987, 0.00628659275198227, -0.00097552255809381, -0.00267290894369245, -0.000460691915302855,
0.00198996759516319, 0.000351718364859764, -0.00059100562678381, -0.00209563769065866, 0.157470088485286, 0.00156226144648032,
0.00109767319602346, -0.000693375473072791, 0.00266423057265845, -0.000763260010475895, 0.00500461558281327,
0.000585133699860726, -0.00259293021027411, 0.00138263904797512, -2.49395009552975e-05, -0.00156645639563691,
-0.000786635035936119, -0.0125311688806874, -0.00268966669590926, 0.000689560581228946, 0.00662129023897531,
0.00179523950467992, -0.014348493863219, -0.00186666922933108, -0.0123311022585436, -0.00817576099858571, 0.00563869111447662,
-0.000847533447871006, 0.00123119772701347, 0.000545078426911418, 0.00643629030148858, 0.00156226144648032,
0.0888559853061631, 0.00703465982745864, -0.00683576692684993, -0.00237773461673345, 0.00155595883344689,
-0.000930733822878879, -0.000684805373983384, 0.00185976995018191, 0.0108606827812094, -0.00101387307822742,
0.00087949253285949, 0.000317495410135302, -0.00288164988633786, 0.00673437247766886, 0.00294974380287889,
0.000505224451020181, 0.00795729442669295, -0.00329833888252844, -0.00217731744725628, 0.000157068674913344,
-0.000239968020930336, 0.00327881301537912, -0.00296966290766942, -0.000781024762948367, 0.00347131356431913,
-0.00309668764024397, 0.00109767319602346, 0.00703465982745864, 0.152113199837622, 0.00745121167904607, -0.00228738653496212,
-6.48386956663264e-05, -0.0015283546716401, -0.0025301437562465, 0.0027365033126604, 0.00330951116416563, 0.00108330750253842,
-0.00168261764020929, 0.00184364267789638, 0.00448060742935138, -0.0168087367318574, -0.00218317734315203,
0.00061677867989792, -0.0157531238888626, 0.00592140687522398, 0.00150512993341464, 0.0140297004057901, 0.00836560749409342,
-0.00142859672459311, 0.00637371486482231, 0.000456221834687575, -0.0080343655876668, -0.00705677598647608,
-0.000693375473072791, -0.00683576692684993, 0.00745121167904607, 0.155819458947103, 0.00320641119253478,
0.000746701064992184, -0.0052413251328113, -5.37222140708521e-05, -0.00111465343123793, -0.00837597272274444,
0.00246352192624297, -0.00153768743168571, -0.00132363097435879, 0.000787883072118134, -0.00277991402735104,
-0.0014687711340918, -0.00131820833990584, 0.00117723686412431, 0.0013255451607417, 0.000651535671261832, 0.00141684249228166,
0.000913651154313514, -0.000832616039248815, 0.0031013165973037, 0.00329816750966848, -0.000158669526820811,
-0.0010605083945547, 0.00266423057265845, -0.00237773461673345, -0.00228738653496212, 0.00320641119253478, 0.16191735471808,
-0.000214019754345815, -0.000920446943787731, -0.00116630125190784, 0.00143379775788459, -0.00207825997588191,
-0.00174360968270784, 9.01326746926751e-05, 0.00646450619610662, -0.00173280861616072, 0.00100944728192555,
-5.83127817093325e-05, 0.000249053356941849, -6.87145007671197e-06, -0.00115805318457247, -0.00198536955384154,
-0.00140696608140266, 0.00168825505069936, 0.00116570080634273, -0.00234007290498682, -0.00165852456321512,
0.00165900884864873, -0.00279467453699622, -0.000763260010475895, 0.00155595883344689, -6.48386956663264e-05,
0.000746701064992184, -0.000214019754345815, 0.165971820590399, -0.00336739902315035, -0.000298901105809862,
0.000471613090052433, 0.00204613287982698, 0.00139295253955954, -0.00018453962095773, 0.00124337714551676,
-0.000772936055310329, -0.00577011851245933, -0.00226868083774916, 0.00257407631796234, -0.000165702358362152,
-0.00101316468225564, 0.000952602902452266, -0.000863622255863725, 0.00438131514519749, -0.00199380646260518,
0.00129201200623302, -0.000935805386702464, -0.00155233621384295, 0.000910045566741249, 0.00500461558281327,
-0.000930733822878879, -0.0015283546716401, -0.0052413251328113, -0.000920446943787731, -0.00336739902315035,
0.168867369115107, 0.00278639691529092, 0.000295596544849979, 0.000166305826205961, -0.00188508759343725,
-0.00445848422261879, 0.000222218354458117, 0.00189416750457475, -0.000655834914546476, -0.000595770023403463,
-4.65759385499807e-05, 0.00254825742855123, -0.000598112124280079, -0.000118120811329219, -0.00102520420644872,
0.00200765955276038, -0.000944753186168712, 0.00321416740412317, -0.00186021583298084, -0.00324442710381144,
-0.00117623624518672, 0.000585133699860726, -0.000684805373983384, -0.0025301437562465, -5.37222140708521e-05,
-0.00116630125190784, -0.000298901105809862, 0.00278639691529092, 0.167570137176021, -0.000617263088164823,
0.000930209363601001, 5.51483501209187e-05, 0.00103838315005976, 0.000450970157295263, -0.000738559140274466,
0.00419522250135933, 0.000650984414501039, 0.00165629405945214, -0.00102356595800662, -0.00110053204964767,
0.0013571563113194, 0.00258806010380351, 0.00153500045737579, -0.00129454927455443, 0.00322370510278791, -0.00129690794738521,
-0.00414270323608131, -0.00170141430041304, -0.00259293021027411, 0.00185976995018191, 0.0027365033126604,
-0.00111465343123793, 0.00143379775788459, 0.000471613090052433, 0.000295596544849979, -0.000617263088164823,
0.168988144537086, -0.000998617138191247, 0.00354821092783933, 0.00107396098193614, 0.0037068950227589, -0.00670577614442589,
-0.00374806173879462, -0.000169682208343637, 0.00430310236332105, -0.00424069760431076, -0.0120758059357028,
-0.00222173770115375, -0.00841314018274012, -0.00359265289095548, 0.00552602870254118, 0.000636484554116205,
0.000245842628512408, -0.00138482311442209, 0.00218898693679822, 0.00138263904797512, 0.0108606827812094, 0.00330951116416563,
-0.00837597272274444, -0.00207825997588191, 0.00204613287982698, 0.000166305826205961, 0.000930209363601001,
-0.000998617138191247, 0.0831138802075149, -0.000891022790724308, -0.0012263033562472, -0.00023416132143423,
0.0017072414277116, -0.000663749291924602, 0.00175354800007841, 0.000505011541919246, -0.000180082724501184,
0.0015179979588276, 0.000797016234856569, 0.000984403291793701, 0.000817194849203673, 0.000502028658737938,
-0.00187546045572995, 0.000469443991675883, -0.00118707041681257, 6.70722509180292e-05, -2.49395009552975e-05,
-0.00101387307822742, 0.00108330750253842, 0.00246352192624297, -0.00174360968270784, 0.00139295253955954,
-0.00188508759343725, 5.51483501209187e-05, 0.00354821092783933, -0.000891022790724308, 0.162096013280456,
-0.00140072925112764, -0.00105587714570698, -0.00157274159295223, -0.00074601917031292, -0.00350892772280541,
-0.000252270153027122, -0.0023127995980087, 0.000497029237292652, -0.00138413873171034, -0.00233221396648471,
0.000383663401669646, -0.00033099514878903, 0.00291510598610538, -0.000158059118565815, -0.00130201831039345,
0.0058058349650047, -0.00156645639563691, 0.00087949253285949, -0.00168261764020929, -0.00153768743168571,
9.01326746926751e-05, -0.00018453962095773, -0.00445848422261879, 0.00103838315005976, 0.00107396098193614,
-0.0012263033562472, -0.00140072925112764, 0.167267296515691, 0.000338639348741883, -0.000402842244941726,
-0.000238905925214922, -0.00463642432632766, 0.00144501860402942, 0.000176449002688529, -0.00315530690948432,
0.000516889446946338, 0.00120564463550646, 0.000684981034695296, -0.000664203234439635, -0.00456654429678228,
-0.000237348667083859, 0.000402709712241865, 0.00257134975798714, -0.000786635035936119, 0.000317495410135302,
0.00184364267789638, -0.00132363097435879, 0.00646450619610662, 0.00124337714551676, 0.000222218354458117,
0.000450970157295263, 0.0037068950227589, -0.00023416132143423, -0.00105587714570698, 0.000338639348741883,
0.162453633246167),
.Dim = c(27, 27))
